time(ps)   clk    rst_n  en   tb.count   dut.count 
0          0      0      0    x          x         
5000       1      0      0    0          0         
10000      0      0      0    0          0         
12000      0      1      1    0          0         
15000      1      1      1    1          1         
20000      0      1      1    1          1         
25000      1      1      1    2          2         
30000      0      1      1    2          2         
35000      1      1      1    3          3         
40000      0      1      1    3          3         
45000      1      1      1    4          4         
50000      0      1      1    4          4         
55000      1      1      1    5          5         
60000      0      1      1    5          5         
65000      1      1      1    6          6         
70000      0      1      1    6          6         
75000      1      1      1    7          7         
80000      0      1      1    7          7         
85000      1      1      1    8          8         
90000      0      1      1    8          8         
95000      1      1      1    9          9         
100000     0      1      1    9          9         
105000     1      1      1    10         10        
110000     0      1      1    10         10        
115000     1      1      1    11         11        
120000     0      1      1    11         11        
125000     1      1      1    12         12        
130000     0      1      1    12         12        
135000     1      1      1    13         13        
140000     0      1      1    13         13        
145000     1      1      1    14         14        
150000     0      1      1    14         14        
155000     1      1      1    15         15        
160000     0      1      1    15         15        
165000     1      1      1    0          0         
170000     0      1      1    0          0         
175000     1      1      1    1          1         
180000     0      1      1    1          1         
185000     1      1      1    2          2         
190000     0      1      1    2          2         
195000     1      1      1    3          3         
200000     0      1      1    3          3         
205000     1      1      1    4          4         
206000     1      1      0    4          4         
210000     0      1      0    4          4         
215000     1      1      0    4          4         
220000     0      1      0    4          4         
225000     1      1      0    4          4         
230000     0      1      0    4          4         
235000     1      1      0    4          4         
236000     1      1      1    4          4         
240000     0      1      1    4          4         
245000     1      1      1    5          5         
250000     0      1      1    5          5         
255000     1      1      1    6          6         
260000     0      1      1    6          6         
265000     1      1      1    7          7         
270000     0      1      1    7          7         
275000     1      1      1    8          8         
280000     0      1      1    8          8         
285000     1      1      1    9          9         
286000     1      1      1    9          9         
